31 5 21 25
30 4 21 25
7
160
1 1 0 0 1 2 1 ------ 1 0 0
2 2 0 0 1 1 2 ------ 0 -1 0
3 3 0 0 1 2 2 ------ 0 0 0
4 4 0 0 2 1 5 ------ 0 0 0
5 5 0 0 2 4 1 ------ 0 0 0
6 6 0 0 2 3 2 ------ 0 0 0
7 7 0 0 2 2 2 -----W 0 0 0
8 8 0 0 2 2 3 ------ 0 0 0
9 9 0 0 3 3 4 ------ 0 0 0
10 10 0 0 3 3 1 --D--- 0 0 0
11 11 0 0 3 5 2 ------ 0 0 0
12 12 0 0 3 2 5 ------ 0 0 0
13 13 0 0 4 5 3 ------ 1 -1 0
14 14 0 0 4 9 1 ------ 0 0 0
15 15 0 0 4 4 5 ------ 0 0 0
16 16 0 0 4 6 2 ------ 0 0 0
17 17 0 0 4 4 5 ------ 0 0 0
18 18 0 0 4 7 4 ------ 0 0 0
19 19 0 0 5 5 6 ------ 0 0 0
20 20 0 0 5 8 2 ------ 0 0 0
21 21 0 0 5 6 5 ------ 0 0 0
22 22 0 0 6 7 5 ------ 0 0 0
23 23 0 0 7 8 8 ------ 0 0 0
24 24 0 0 1 1 1 ------ 0 -1 0
25 25 0 0 2 3 1 ------ -2 -2 0
26 26 0 0 2 3 2 ------ 0 -1 0
27 27 0 0 2 2 2 ------ 2 0 0
28 28 0 0 2 1 2 ------ 0 0 1
29 29 0 0 2 2 1 ------ 0 0 1
30 30 0 0 3 4 2 ------ 0 -2 0
31 31 0 0 3 3 1 ------ 0 -1 0
32 32 0 0 3 3 2 ------ 0 0 1
33 33 0 0 4 4 3 ------ 0 0 1
34 34 0 0 5 3 5 ------ 0 0 1
35 35 0 0 6 5 2 B----- 0 0 1
36 36 0 0 6 4 4 ------ 0 0 2
37 37 0 0 6 5 7 ------ 0 0 1
38 38 0 0 1 1 3 --D--- 0 0 0
39 39 0 0 1 2 1 --D--- 0 0 0
40 40 0 0 3 2 3 --DG-- 0 0 0
41 41 0 0 3 2 2 -CD--- 0 0 0
42 42 0 0 4 4 2 --D--- 0 0 0
43 43 0 0 6 5 5 --D--- 0 0 0
44 44 0 0 6 3 7 --D-L- 0 0 0
45 45 0 0 6 6 5 B-D--- -3 0 0
46 46 0 0 9 7 7 --D--- 0 0 0
47 47 0 0 2 1 5 --D--- 0 0 0
48 48 0 0 1 1 1 ----L- 0 0 0
49 49 0 0 2 1 2 ---GL- 0 0 0
50 50 0 0 3 3 2 ----L- 0 0 0
51 51 0 0 4 3 5 ----L- 0 0 0
52 52 0 0 4 2 4 ----L- 0 0 0
53 53 0 0 4 1 1 -C--L- 0 0 0
54 54 0 0 3 2 2 ----L- 0 0 0
55 55 0 0 2 0 5 ---G-- 0 0 0
56 56 0 0 4 2 7 ------ 0 0 0
57 57 0 0 4 1 8 ------ 0 0 0
58 58 0 0 6 5 6 B----- 0 0 0
59 59 0 0 7 7 7 ------ 1 -1 0
60 60 0 0 7 4 8 ------ 0 0 0
61 61 0 0 9 10 10 ------ 0 0 0
62 62 0 0 12 12 12 B--G-- 0 0 0
63 63 0 0 2 0 4 ---G-W 0 0 0
64 64 0 0 2 1 1 ---G-W 0 0 0
65 65 0 0 2 2 2 -----W 0 0 0
66 66 0 0 5 5 1 -----W 0 0 0
67 67 0 0 6 5 5 -----W 0 -2 0
68 68 0 0 6 7 5 -----W 0 0 0
69 69 0 0 3 4 4 B----- 0 0 0
70 70 0 0 4 6 3 B----- 0 0 0
71 71 0 0 4 3 2 BC---- 0 0 0
72 72 0 0 4 5 3 B----- 0 0 0
73 73 0 0 4 4 4 B----- 4 0 0
74 74 0 0 5 5 4 B--G-- 0 0 0
75 75 0 0 5 6 5 B----- 0 0 0
76 76 0 0 6 5 5 B-D--- 0 0 0
77 77 0 0 7 7 7 B----- 0 0 0
78 78 0 0 8 5 5 B----- 0 -5 0
79 79 0 0 8 8 8 B----- 0 0 0
80 80 0 0 8 8 8 B--G-- 0 0 1
81 81 0 0 9 6 6 BC---- 0 0 0
82 82 0 0 7 5 5 B-D--W 0 0 0
83 83 0 0 0 1 1 -C---- 0 0 0
84 84 0 0 2 1 1 -CD--W 0 0 0
85 85 0 0 3 2 3 -C---- 0 0 0
86 86 0 0 3 1 5 -C---- 0 0 0
87 87 0 0 4 2 5 -C-G-- 0 0 0
88 88 0 0 5 4 4 -C---- 0 0 0
89 89 0 0 5 4 1 -C---- 2 0 0
90 90 0 0 8 5 5 -C---- 0 0 0
91 91 0 0 0 1 2 ---G-- 0 1 0
92 92 0 0 1 0 1 ---G-- 2 0 0
93 93 0 0 1 2 1 ---G-- 0 0 0
94 94 0 0 2 1 4 ---G-- 0 0 0
95 95 0 0 2 2 3 ---G-- 0 0 0
96 96 0 0 2 3 2 ---G-- 0 0 0
97 97 0 0 3 3 3 ---G-- 0 0 0
98 98 0 0 3 2 4 ---G-- 0 0 0
99 99 0 0 3 2 5 ---G-- 0 0 0
100 100 0 0 3 1 6 ---G-- 0 0 0
101 101 0 0 4 3 4 ---G-- 0 0 0
102 102 0 0 4 3 3 ---G-- 0 -1 0
103 103 0 0 4 3 6 ---G-- 0 0 0
104 104 0 0 4 4 4 ---G-- 0 0 0
105 105 0 0 5 4 6 ---G-- 0 0 0
106 106 0 0 5 5 5 ---G-- 0 0 0
107 107 0 0 5 3 3 ---G-- 3 0 0
108 108 0 0 5 2 6 ---G-- 0 0 0
109 109 0 0 5 5 6 ------ 0 0 0
110 110 0 0 5 0 9 ---G-- 0 0 0
111 111 0 0 6 6 6 ---G-- 0 0 0
112 112 0 0 6 4 7 ---G-- 0 0 0
113 113 0 0 6 2 4 ---G-- 4 0 0
114 114 0 0 7 7 7 ---G-- 0 0 0
115 115 0 0 8 5 5 ---G-W 0 0 0
116 116 0 0 12 8 8 BCDGLW 0 0 0
117 117 0 1 1 1 1 B----- 0 0 0
118 118 0 1 0 0 3 ------ 0 0 0
119 119 0 1 1 1 2 ------ 0 0 0
120 120 0 1 2 1 0 ----L- 0 0 0
121 121 0 1 2 0 3 ------ 0 0 1
122 122 0 1 2 1 3 ---G-- 0 0 0
123 123 0 1 2 4 0 ------ 0 0 0
124 124 0 1 3 2 1 --D--- 0 0 0
125 125 0 1 3 1 4 ------ 0 0 0
126 126 0 1 3 2 3 ------ 0 0 0
127 127 0 1 3 0 6 ------ 0 0 0
128 128 0 1 4 4 3 ------ 0 0 0
129 129 0 1 4 2 5 ------ 0 0 0
130 130 0 1 4 0 6 ------ 4 0 0
131 131 0 1 4 4 1 ------ 0 0 0
132 132 0 1 5 3 3 B----- 0 0 0
133 133 0 1 5 4 0 -----W 0 0 0
134 134 0 1 4 2 2 ------ 0 0 1
135 135 0 1 6 5 5 ------ 0 0 0
136 136 0 1 0 1 1 ------ 0 0 0
137 137 0 1 2 0 0 -----W 0 0 0
138 138 0 1 2 0 0 ---G-- 0 0 1
139 139 0 1 4 0 0 ----LW 0 0 0
140 140 0 1 2 0 0 -C---- 0 0 0
141 141 0 2 0 -1 -1 ------ 0 0 0
142 142 0 2 0 0 0 BCDGLW 0 0 0
143 143 0 2 0 0 0 ---G-- 0 0 0
144 144 0 2 1 0 -2 ------ 0 0 0
145 145 0 2 3 -2 -2 ------ 0 0 0
146 146 0 2 4 -2 -2 ------ 0 -2 0
147 147 0 2 2 0 -1 ------ 0 0 1
148 148 0 2 2 0 -2 BCDGLW 0 0 0
149 149 0 2 3 0 0 BCDGLW 0 0 1
150 150 0 2 2 0 -3 ------ 0 0 0
151 151 0 2 5 0 -99 BCDGLW 0 0 0
152 152 0 2 7 0 -7 ------ 0 0 1
153 153 0 3 2 0 0 ------ 5 0 0
154 154 0 3 2 0 0 ------ 0 -2 1
155 155 0 3 3 0 -3 ------ 0 -1 0
156 156 0 3 3 0 0 ------ 3 -3 0
157 157 0 3 3 0 -1 ------ 1 0 1
158 158 0 3 3 0 -4 ------ 0 0 0
159 159 0 3 4 0 -3 ------ 3 0 0
160 160 0 3 2 0 0 ------ 2 -2 0